11 112 
0 100 1 0 0 0 0
2500
1 1
1.8
0.001
0.001
1 2
12
1.000000000000000000 1.000000000000000000 1.000000000000000000 1.000000000000000000 1.000000000000000000 1.000000000000000000 1.000000000000000000 1.000000000000000000 1.000000000000000000 1.000000000000000000 1.000000000000000000 1.000000000000000000 1.000000000000000000 1.000000000000000000 1.000000000000000000 1.000000000000000000 1.000000000000000000 1.000000000000000000 1.000000000000000000 1.000000000000000000 1.000000000000000000 1.000000000000000000 1.000000000000000000 1.000000000000000000 1.000000000000000000 1.000000000000000000 1.000000000000000000 1.000000000000000000 1.000000000000000000 1.000000000000000000 1.000000000000000000 1.000000000000000000 1.000000000000000000 1.000000000000000000 1.000000000000000000 1.000000000000000000 1.000000000000000000 1.000000000000000000 1.000000000000000000 1.000000000000000000 1.000000000000000000 1.000000000000000000 1.000000000000000000 1.000000000000000000 1.000000000000000000 1.000000000000000000 1.000000000000000000 1.000000000000000000 1.000000000000000000 1.000000000000000000 1.000000000000000000 1.000000000000000000 1.000000000000000000 1.000000000000000000 1.000000000000000000 1.000000000000000000 1.000000000000000000 1.000000000000000000 1.000000000000000000 1.000000000000000000 1.000000000000000000 1.000000000000000000 1.000000000000000000 1.000000000000000000 1.000000000000000000 1.000000000000000000 1.000000000000000000 1.000000000000000000 1.000000000000000000 1.000000000000000000 1.000000000000000000 1.000000000000000000 1.000000000000000000 1.000000000000000000 1.000000000000000000 1.000000000000000000 1.000000000000000000 1.000000000000000000 1.000000000000000000 1.000000000000000000 1.000000000000000000 1.000000000000000000 1.000000000000000000 1.000000000000000000 1.000000000000000000 1.000000000000000000 1.000000000000000000 1.000000000000000000 1.000000000000000000 1.000000000000000000 1.000000000000000000 1.000000000000000000 1.000000000000000000 1.000000000000000000 1.000000000000000000 1.000000000000000000 1.000000000000000000 1.000000000000000000 1.000000000000000000 1.000000000000000000 0.500000000000000000 0.000000000000000000 0.000000000000000000 0.000000000000000000 0.000000000000000000 0.000000000000000000 0.000000000000000000 0.000000000000000000 0.000000000000000000 0.000000000000000000 0.000000000000000000 -0.500000000000000000
-3.687045235791087894 -3.143065318037093103 2.289111017442006180 1.817854752120232842 1.515395029041534336 -0.621501577833336483 0.896216656096898490 -0.946791055758523736 1.016669273321816114 -0.487162812452204275 1.000000000000000000
0 101 202 303 404 505 606 707 808 909 1010 1012
0 1 2 3 4 5 6 7 8 9 10 11 12 13 14 15 16 17 18 19 20 21 22 23 24 25 26 27 28 29 30 31 32 33 34 35 36 37 38 39 40 41 42 43 44 45 46 47 48 49 50 51 52 53 54 55 56 57 58 59 60 61 62 63 64 65 66 67 68 69 70 71 72 73 74 75 76 77 78 79 80 81 82 83 84 85 86 87 88 89 90 91 92 93 94 95 96 97 98 99 101 0 1 2 3 4 5 6 7 8 9 10 11 12 13 14 15 16 17 18 19 20 21 22 23 24 25 26 27 28 29 30 31 32 33 34 35 36 37 38 39 40 41 42 43 44 45 46 47 48 49 50 51 52 53 54 55 56 57 58 59 60 61 62 63 64 65 66 67 68 69 70 71 72 73 74 75 76 77 78 79 80 81 82 83 84 85 86 87 88 89 90 91 92 93 94 95 96 97 98 99 102 0 1 2 3 4 5 6 7 8 9 10 11 12 13 14 15 16 17 18 19 20 21 22 23 24 25 26 27 28 29 30 31 32 33 34 35 36 37 38 39 40 41 42 43 44 45 46 47 48 49 50 51 52 53 54 55 56 57 58 59 60 61 62 63 64 65 66 67 68 69 70 71 72 73 74 75 76 77 78 79 80 81 82 83 84 85 86 87 88 89 90 91 92 93 94 95 96 97 98 99 103 0 1 2 3 4 5 6 7 8 9 10 11 12 13 14 15 16 17 18 19 20 21 22 23 24 25 26 27 28 29 30 31 32 33 34 35 36 37 38 39 40 41 42 43 44 45 46 47 48 49 50 51 52 53 54 55 56 57 58 59 60 61 62 63 64 65 66 67 68 69 70 71 72 73 74 75 76 77 78 79 80 81 82 83 84 85 86 87 88 89 90 91 92 93 94 95 96 97 98 99 104 0 1 2 3 4 5 6 7 8 9 10 11 12 13 14 15 16 17 18 19 20 21 22 23 24 25 26 27 28 29 30 31 32 33 34 35 36 37 38 39 40 41 42 43 44 45 46 47 48 49 50 51 52 53 54 55 56 57 58 59 60 61 62 63 64 65 66 67 68 69 70 71 72 73 74 75 76 77 78 79 80 81 82 83 84 85 86 87 88 89 90 91 92 93 94 95 96 97 98 99 105 0 1 2 3 4 5 6 7 8 9 10 11 12 13 14 15 16 17 18 19 20 21 22 23 24 25 26 27 28 29 30 31 32 33 34 35 36 37 38 39 40 41 42 43 44 45 46 47 48 49 50 51 52 53 54 55 56 57 58 59 60 61 62 63 64 65 66 67 68 69 70 71 72 73 74 75 76 77 78 79 80 81 82 83 84 85 86 87 88 89 90 91 92 93 94 95 96 97 98 99 106 0 1 2 3 4 5 6 7 8 9 10 11 12 13 14 15 16 17 18 19 20 21 22 23 24 25 26 27 28 29 30 31 32 33 34 35 36 37 38 39 40 41 42 43 44 45 46 47 48 49 50 51 52 53 54 55 56 57 58 59 60 61 62 63 64 65 66 67 68 69 70 71 72 73 74 75 76 77 78 79 80 81 82 83 84 85 86 87 88 89 90 91 92 93 94 95 96 97 98 99 107 0 1 2 3 4 5 6 7 8 9 10 11 12 13 14 15 16 17 18 19 20 21 22 23 24 25 26 27 28 29 30 31 32 33 34 35 36 37 38 39 40 41 42 43 44 45 46 47 48 49 50 51 52 53 54 55 56 57 58 59 60 61 62 63 64 65 66 67 68 69 70 71 72 73 74 75 76 77 78 79 80 81 82 83 84 85 86 87 88 89 90 91 92 93 94 95 96 97 98 99 108 0 1 2 3 4 5 6 7 8 9 10 11 12 13 14 15 16 17 18 19 20 21 22 23 24 25 26 27 28 29 30 31 32 33 34 35 36 37 38 39 40 41 42 43 44 45 46 47 48 49 50 51 52 53 54 55 56 57 58 59 60 61 62 63 64 65 66 67 68 69 70 71 72 73 74 75 76 77 78 79 80 81 82 83 84 85 86 87 88 89 90 91 92 93 94 95 96 97 98 99 109 0 1 2 3 4 5 6 7 8 9 10 11 12 13 14 15 16 17 18 19 20 21 22 23 24 25 26 27 28 29 30 31 32 33 34 35 36 37 38 39 40 41 42 43 44 45 46 47 48 49 50 51 52 53 54 55 56 57 58 59 60 61 62 63 64 65 66 67 68 69 70 71 72 73 74 75 76 77 78 79 80 81 82 83 84 85 86 87 88 89 90 91 92 93 94 95 96 97 98 99 110 100 111
0.267905121455780493 -0.267905121455780493 1.027917777157112633 -1.027917777157112633 -2.297179456574058865 2.297179456574058865 -0.236264446681208273 0.236264446681208273 -1.867877520107915412 1.867877520107915412 0.162954278135808150 -0.162954278135808150 0.235147192773076164 -0.235147192773076164 0.683684798830484719 -0.683684798830484719 0.392483177863985011 -0.392483177863985011 0.924930282229331158 -0.924930282229331158 -2.159603434889884266 2.159603434889884266 0.032954349530355143 -0.032954349530355143 -1.102218022704213984 1.102218022704213984 1.089305235192274290 -1.089305235192274290 -0.205884695396086725 0.205884695396086725 0.662421406463353013 -0.662421406463353013 0.693092774331567685 -0.693092774331567685 -0.477841384181042939 0.477841384181042939 1.491230998886413417 -1.491230998886413417 0.967521567131197524 -0.967521567131197524 2.911450906122811766 -2.911450906122811766 -0.458525517948777994 0.458525517948777994 1.523410490461409861 -1.523410490461409861 -0.005653356349895766 0.005653356349895766 -0.850527244660144954 0.850527244660144954 -0.914427729368161080 0.914427729368161080 -0.366414500628216067 0.366414500628216067 0.845776230367680237 -0.845776230367680237 -2.167303234827925085 2.167303234827925085 -0.311201875432801589 0.311201875432801589 -1.343057018434765437 1.343057018434765437 0.329227476201254532 -0.329227476201254532 0.937892636329581530 -0.937892636329581530 -1.292149283676578220 1.292149283676578220 0.727475864828183827 -0.727475864828183827 -0.865828722236433812 0.865828722236433812 -0.712336606310262854 0.712336606310262854 -1.416761181304521111 1.416761181304521111 0.065959446153038476 -0.065959446153038476 0.538493444004808364 -0.538493444004808364 -0.117595299877949297 0.117595299877949297 -0.280761797896251886 0.280761797896251886 -0.375803478543587532 0.375803478543587532 0.359440188545873895 -0.359440188545873895 0.102984464805364467 -0.102984464805364467 0.677264337807959915 -0.677264337807959915 1.688890914825171841 -1.688890914825171841 1.415133737581891982 -1.415133737581891982 -0.260722295562210549 0.260722295562210549 0.105168432618356816 -0.105168432618356816 -1.000000000000000000 1.889555946293464350 -1.889555946293464350 -0.360701715826208469 0.360701715826208469 -0.791169413590648185 0.791169413590648185 -0.750549444160155899 0.750549444160155899 -0.607358855980370871 0.607358855980370871 -0.277021092833852400 0.277021092833852400 -0.203825835441055647 0.203825835441055647 -0.090812111090438824 0.090812111090438824 0.840648343850716073 -0.840648343850716073 2.366017834555732335 -2.366017834555732335 0.311512251535443596 -0.311512251535443596 1.294136754697726044 -1.294136754697726044 1.721966354400402466 -1.721966354400402466 -0.394704235668438097 0.394704235668438097 -0.866913724584800427 0.866913724584800427 -0.521584096752930937 0.521584096752930937 -1.603058260481896147 1.603058260481896147 1.131290495226984216 -1.131290495226984216 -0.025983716418195180 0.025983716418195180 1.032351087100518372 -1.032351087100518372 -2.224637786217645186 2.224637786217645186 -0.162734496391128941 0.162734496391128941 0.273673555167950888 -0.273673555167950888 -2.459010134987294371 2.459010134987294371 -0.918195490875242326 0.918195490875242326 3.349596084069234259 -3.349596084069234259 0.687195476960778762 -0.687195476960778762 -1.052718851466527328 1.052718851466527328 0.050624437594229355 -0.050624437594229355 0.918266891203016855 -0.918266891203016855 -0.402689924407274802 0.402689924407274802 0.172930030148746722 -0.172930030148746722 -0.729742764543249600 0.729742764543249600 -1.328294149765913312 1.328294149765913312 0.074352549621726965 -0.074352549621726965 0.382668985189349498 -0.382668985189349498 1.390238993188259498 -1.390238993188259498 -0.729630799636320049 0.729630799636320049 -1.335330064808758044 1.335330064808758044 1.080203042138974112 -1.080203042138974112 0.614815150749306483 -0.614815150749306483 0.948846205447098190 -0.948846205447098190 0.537516306246460296 -0.537516306246460296 0.518670152004236606 -0.518670152004236606 0.322774153261093044 -0.322774153261093044 -0.078317251196179785 0.078317251196179785 -0.638547209457334453 0.638547209457334453 -0.310091732599216852 0.310091732599216852 -1.401041709751936981 1.401041709751936981 0.444484264649852523 -0.444484264649852523 -1.000000000000000000 -0.822571831606042192 0.822571831606042192 1.149442322385366033 -1.149442322385366033 0.691743212128930307 -0.691743212128930307 -0.724535264426504177 0.724535264426504177 -0.770046062316186330 0.770046062316186330 -1.007402320427817077 1.007402320427817077 -0.866896266710699970 0.866896266710699970 0.157127863727930334 -0.157127863727930334 -0.683933911229745561 0.683933911229745561 0.083157607370303074 -0.083157607370303074 -0.035297284818969786 0.035297284818969786 1.595145009715114970 -1.595145009715114970 0.406340236572520330 -0.406340236572520330 0.313725728340701338 -0.313725728340701338 1.802698956145747822 -1.802698956145747822 0.913926791275037065 -0.913926791275037065 -1.724161676159960077 1.724161676159960077 1.110418687944275673 -1.110418687944275673 0.461906200032139447 -0.461906200032139447 -1.098377187481418327 1.098377187481418327 0.561283369614635874 -0.561283369614635874 -1.440822605093403652 1.440822605093403652 0.982226376107772414 -0.982226376107772414 0.143410505344264055 -0.143410505344264055 0.190094441263810476 -0.190094441263810476 -0.674859862131981347 0.674859862131981347 0.361191784792336323 -0.361191784792336323 0.855409038211248252 -0.855409038211248252 0.247664495777954352 -0.247664495777954352 -2.624827919838180978 2.624827919838180978 -0.292697699274345136 0.292697699274345136 1.816454414571746945 -1.816454414571746945 -1.762366799993794864 1.762366799993794864 -0.242523030834476544 0.242523030834476544 -0.116759392895071146 0.116759392895071146 -1.459080445461180098 1.459080445461180098 0.418859403675993669 -0.418859403675993669 0.182519919352751275 -0.182519919352751275 0.317673288988851388 -0.317673288988851388 0.894501008979574186 -0.894501008979574186 0.240779273237376745 -0.240779273237376745 1.063124478382744265 -1.063124478382744265 -0.182203074499369566 0.182203074499369566 0.335540465956989664 -0.335540465956989664 0.679568586001081942 -0.679568586001081942 -0.630620458948692009 0.630620458948692009 -0.528865322760086354 0.528865322760086354 0.629959392835118481 -0.629959392835118481 -0.609885742617505167 0.609885742617505167 1.774739631265793260 -1.774739631265793260 -1.000000000000000000 0.506497876068581654 -0.506497876068581654 0.000326691662373364 -0.000326691662373364 1.543000152238471312 -1.543000152238471312 -0.187951520155494600 0.187951520155494600 -0.466908966395864100 0.466908966395864100 -2.168190935795662355 2.168190935795662355 0.568204320157958742 -0.568204320157958742 1.162818994214767310 -1.162818994214767310 0.219565016076267133 -0.219565016076267133 0.846238367236053057 -0.846238367236053057 0.444152474144777987 -0.444152474144777987 0.432732607599171037 -0.432732607599171037 1.350501505879705411 -1.350501505879705411 -0.796531305332793926 0.796531305332793926 -1.500064621977569068 1.500064621977569068 0.013262735417032061 -0.013262735417032061 -0.919545740399544842 0.919545740399544842 -0.720599621073430674 0.720599621073430674 0.169023573624101114 -0.169023573624101114 -0.415746346580660175 0.415746346580660175 1.447138808881193173 -1.447138808881193173 1.260731770052782030 -1.260731770052782030 -0.226090396655164727 0.226090396655164727 0.412205318621164107 -0.412205318621164107 0.147480060602125151 -0.147480060602125151 0.273383713767828274 -0.273383713767828274 -0.356808074324790336 0.356808074324790336 1.013981805928862112 -1.013981805928862112 0.269343540845133511 -0.269343540845133511 -0.131014546908719692 0.131014546908719692 1.346897709728866133 -1.346897709728866133 -1.077804826671031835 1.077804826671031835 -2.166977323932548494 2.166977323932548494 4.082665741988060759 -4.082665741988060759 -0.158050142170322011 0.158050142170322011 0.826308257196147311 -0.826308257196147311 1.364531401616584372 -1.364531401616584372 0.447820002980886034 -0.447820002980886034 -0.800383328883453427 0.800383328883453427 0.638742958438863195 -0.638742958438863195 1.284767930527563218 -1.284767930527563218 -1.777775442492336433 1.777775442492336433 -0.479920638682654332 0.479920638682654332 -0.000486121785261532 0.000486121785261532 0.915943372086077567 -0.915943372086077567 0.281169314576583562 -0.281169314576583562 -0.240045850376803122 0.240045850376803122 0.678876421485956394 -0.678876421485956394 -0.308976088076634348 0.308976088076634348 0.798465100342247380 -0.798465100342247380 -1.000000000000000000 1.087159846595101786 -1.087159846595101786 -2.099121773424734716 2.099121773424734716 0.955342180681646336 -0.955342180681646336 0.805784538992392330 -0.805784538992392330 0.372022079078506707 -0.372022079078506707 0.131125010573828527 -0.131125010573828527 -0.428233847101695153 0.428233847101695153 0.239263979475934280 -0.239263979475934280 0.495824604297952665 -0.495824604297952665 -1.974307955242914581 1.974307955242914581 1.603706793378771422 -1.603706793378771422 0.009079468662080679 -0.009079468662080679 -0.340801415852529821 0.340801415852529821 -0.040371866286134914 0.040371866286134914 1.252279885978765384 -1.252279885978765384 -0.480496637097164170 0.480496637097164170 0.025086653875817752 -0.025086653875817752 1.133441378387318510 -1.133441378387318510 1.685216101290169188 -1.685216101290169188 -0.377749910040516390 0.377749910040516390 -0.885742663004153163 0.885742663004153163 -0.763260238467797114 0.763260238467797114 -2.779910894557495293 2.779910894557495293 -0.639811141540734374 0.639811141540734374 0.187441762332883177 -0.187441762332883177 -0.284330518550652722 0.284330518550652722 -0.822012436267475666 0.822012436267475666 -1.334746162474092834 1.334746162474092834 -0.669135345166555928 0.669135345166555928 2.095458091555622460 -2.095458091555622460 -1.489693812460274769 1.489693812460274769 -1.445874828327142092 1.445874828327142092 0.885203250913691675 -0.885203250913691675 -0.130365900983153593 0.130365900983153593 -1.227811794109990418 1.227811794109990418 1.887461183070288540 -1.887461183070288540 -0.372231541771805063 0.372231541771805063 0.854005807614880763 -0.854005807614880763 0.233301251116458497 -0.233301251116458497 0.128510580408158021 -0.128510580408158021 0.317037146153163529 -0.317037146153163529 -0.072474722564739330 0.072474722564739330 -0.902410880592201314 0.902410880592201314 -0.135741998878747605 0.135741998878747605 -0.191584542689922477 0.191584542689922477 -0.691971672385520598 0.691971672385520598 -0.740985851503054516 0.740985851503054516 0.777878742705346071 -0.777878742705346071 2.316421323974115154 -2.316421323974115154 0.442592141778819392 -0.442592141778819392 -1.000000000000000000 0.057300638002260783 -0.057300638002260783 -0.765880201091782453 0.765880201091782453 0.018658948070564667 -0.018658948070564667 -0.884852857487954947 0.884852857487954947 -0.119099061784913321 0.119099061784913321 0.110823913892580964 -0.110823913892580964 -0.628128807378484644 0.628128807378484644 -0.958779880814327745 0.958779880814327745 0.335534085713524222 -0.335534085713524222 -1.589119342626025944 1.589119342626025944 -0.339290158527664643 0.339290158527664643 0.683350252109244716 -0.683350252109244716 -1.341947200350975145 1.341947200350975145 -1.094209818133984768 1.094209818133984768 -1.303705781186516477 1.303705781186516477 0.205495234849035424 -0.205495234849035424 2.150190108595682936 -2.150190108595682936 0.504922856191401204 -0.504922856191401204 0.202643337241746463 -0.202643337241746463 0.368081470693641333 -0.368081470693641333 0.559511763513307891 -0.559511763513307891 0.621090751359941073 -0.621090751359941073 -0.437128202629269713 0.437128202629269713 -0.320080245358165705 0.320080245358165705 0.676285408860144432 -0.676285408860144432 0.294205824825271300 -0.294205824825271300 1.086292218045164404 -1.086292218045164404 0.131665472918444160 -0.131665472918444160 0.913562447586867998 -0.913562447586867998 -0.441621943495057401 0.441621943495057401 0.175143091644549165 -0.175143091644549165 -0.057950142634599001 0.057950142634599001 1.272633458197298228 -1.272633458197298228 -0.739156567900068118 0.739156567900068118 -1.172962844785649050 1.172962844785649050 0.690349067302703512 -0.690349067302703512 1.261164997660849663 -1.261164997660849663 -0.578273293013085943 0.578273293013085943 0.705747556964109291 -0.705747556964109291 1.199347759194084206 -1.199347759194084206 -0.561175893138310178 0.561175893138310178 0.418058667159627584 -0.418058667159627584 0.775233786194539753 -0.775233786194539753 -1.005165576137645900 1.005165576137645900 -0.248095930746197624 0.248095930746197624 0.968389188406472812 -0.968389188406472812 0.052644854909029225 -0.052644854909029225 0.459974856433697621 -0.459974856433697621 -0.764234718892679465 0.764234718892679465 -0.924252504077109682 0.924252504077109682 -1.000000000000000000 -2.285037536291396609 2.285037536291396609 0.330256994776636892 -0.330256994776636892 0.781166851577503984 -0.781166851577503984 1.091855391225416527 -1.091855391225416527 0.303546598398528267 -0.303546598398528267 0.883205583346516998 -0.883205583346516998 -0.200432630370076942 0.200432630370076942 0.103227093467374034 -0.103227093467374034 -0.536598825966995818 0.536598825966995818 -0.114094330489527385 0.114094330489527385 0.352868274327804876 -0.352868274327804876 1.184201821029249313 -1.184201821029249313 -0.281707700532443983 0.281707700532443983 1.299996056001185840 -1.299996056001185840 1.288620739680663041 -1.288620739680663041 -0.124775257491364810 0.124775257491364810 2.676893190719289439 -2.676893190719289439 0.393601576244927809 -0.393601576244927809 -0.860157510975565920 0.860157510975565920 -0.162471839540177465 0.162471839540177465 0.870279361361823600 -0.870279361361823600 -0.150491539662725049 0.150491539662725049 -1.332287989766246072 1.332287989766246072 0.065469192080399141 -0.065469192080399141 -1.317974937874615282 1.317974937874615282 0.509029000143902399 -0.509029000143902399 0.368719922900173025 -0.368719922900173025 0.646131466361322016 -0.646131466361322016 -0.791339007906923575 0.791339007906923575 -0.438686479862148759 0.438686479862148759 1.538459427564934812 -1.538459427564934812 -0.258833298230582876 0.258833298230582876 -1.504378351654444890 1.504378351654444890 -1.036168922551806260 1.036168922551806260 -1.956795979420658416 1.956795979420658416 1.136562859433311701 -1.136562859433311701 -1.534637925681490822 1.534637925681490822 -0.794072741149785766 0.794072741149785766 1.371420904545398223 -1.371420904545398223 0.507731197862471229 -0.507731197862471229 -0.301106820285413468 0.301106820285413468 -1.017488307329072361 1.017488307329072361 -0.614101742707810261 0.614101742707810261 -0.781398901846928728 0.781398901846928728 0.053926155630600305 -0.053926155630600305 -0.528096222539175431 0.528096222539175431 1.913029349947439561 -1.913029349947439561 -0.179790546417506469 0.179790546417506469 -0.683750983213183505 0.683750983213183505 -1.021241699433223404 1.021241699433223404 -1.000000000000000000 -2.049890895857636064 2.049890895857636064 -1.417369090725334679 1.417369090725334679 -0.850006203774544056 0.850006203774544056 0.462163832152883536 -0.462163832152883536 -1.576268635512163341 1.576268635512163341 -1.441553193165409752 1.441553193165409752 0.528158464893624058 -0.528158464893624058 -0.356925550618781839 0.356925550618781839 1.025569158189527652 -1.025569158189527652 0.449741824505590193 -0.449741824505590193 0.832324652288013667 -0.832324652288013667 -1.071955389109310985 1.071955389109310985 -1.634162605612502706 1.634162605612502706 0.505770152619639646 -0.505770152619639646 -0.529050505036871677 0.529050505036871677 2.096511832225588901 -2.096511832225588901 0.761631727644857093 -0.761631727644857093 -1.192983489646781026 1.192983489646781026 2.417357758103033216 -2.417357758103033216 -0.054862528716085407 0.054862528716085407 -0.911480249686436483 0.911480249686436483 -0.754953036467722605 0.754953036467722605 -0.765582251486999321 0.765582251486999321 0.336077875984923224 -0.336077875984923224 0.627961935625664491 -0.627961935625664491 -0.048378255106885454 0.048378255106885454 0.324089280340306485 -0.324089280340306485 0.867067055827554611 -0.867067055827554611 0.482964936776505871 -0.482964936776505871 0.913512419073207127 -0.913512419073207127 -0.986143056174743848 0.986143056174743848 0.106234733647867743 -0.106234733647867743 0.600980235748239666 -0.600980235748239666 -0.586035595820676769 0.586035595820676769 -0.480578250645586014 0.480578250645586014 -1.153384062348248751 1.153384062348248751 -1.171239036967019365 1.171239036967019365 -0.322604826885027784 0.322604826885027784 0.136050508789379743 -0.136050508789379743 1.065246013053737562 -1.065246013053737562 -0.601401671319884090 0.601401671319884090 0.095447184573948712 -0.095447184573948712 2.265102206815573727 -2.265102206815573727 -0.205975175263903992 0.205975175263903992 0.427509540011176081 -0.427509540011176081 0.520441665490702587 -0.520441665490702587 -2.895556119432680209 2.895556119432680209 0.620757007249324810 -0.620757007249324810 -0.005251762123618039 0.005251762123618039 1.083172978556625754 -1.083172978556625754 -1.000000000000000000 0.365201243908861106 -0.365201243908861106 1.250190028804355702 -1.250190028804355702 0.224932134413901919 -0.224932134413901919 -0.902251105448115265 0.902251105448115265 -0.368544518082968842 0.368544518082968842 -0.234274596888654818 0.234274596888654818 -1.199930348307246541 1.199930348307246541 -1.573215897391668561 1.573215897391668561 1.509172423622493930 -1.509172423622493930 -0.092660720516525047 0.092660720516525047 0.436287483119169650 -0.436287483119169650 2.405987267352854619 -2.405987267352854619 0.831037192863362639 -0.831037192863362639 0.142705011000706122 -0.142705011000706122 1.491265436361660868 -1.491265436361660868 0.351484213706070359 -0.351484213706070359 -1.520421211131988359 1.520421211131988359 -0.990651120099914628 0.990651120099914628 0.755067493672610501 -0.755067493672610501 -0.475209396547241036 0.475209396547241036 -1.267282701791565547 1.267282701791565547 0.419704110261967744 -0.419704110261967744 -0.766570120470680960 0.766570120470680960 -1.021465600725925960 1.021465600725925960 -0.521511779651205876 0.521511779651205876 0.374754396256747835 -0.374754396256747835 0.785689533273488006 -0.785689533273488006 -0.158926489386465586 0.158926489386465586 1.132984272112302016 -1.132984272112302016 0.957264734680358442 -0.957264734680358442 -0.404576492822195655 0.404576492822195655 0.589263426043603378 -0.589263426043603378 -1.033631870548684217 1.033631870548684217 0.598534902235807076 -0.598534902235807076 0.919327935687768494 -0.919327935687768494 -0.224031230235764156 0.224031230235764156 -0.611669152956875184 0.611669152956875184 1.482839170994118660 -1.482839170994118660 -0.094214130236777896 0.094214130236777896 -0.902166146440054773 0.902166146440054773 -0.248954946055154891 0.248954946055154891 -3.062190912378776719 3.062190912378776719 -0.941533647749983493 0.941533647749983493 -2.160942710456435822 2.160942710456435822 0.108026826423921113 -0.108026826423921113 2.075626678312805673 -2.075626678312805673 0.873962816238563089 -0.873962816238563089 -0.408815616016248828 0.408815616016248828 -0.129621031340232146 0.129621031340232146 1.406273548026924392 -1.406273548026924392 -1.000000000000000000 -0.915804710938513011 0.915804710938513011 -1.221871953979475789 1.221871953979475789 -0.300753582392023655 0.300753582392023655 0.075403833175464410 -0.075403833175464410 0.131548564249591410 -0.131548564249591410 -0.071935913309509686 0.071935913309509686 0.767128678708612011 -0.767128678708612011 1.191450868677329078 -1.191450868677329078 -1.613612865536336205 1.613612865536336205 -0.441167481116289062 0.441167481116289062 3.280667499979234236 -3.280667499979234236 -1.201795592615207742 1.201795592615207742 2.951958398205375200 -2.951958398205375200 -1.276239289802024945 1.276239289802024945 -1.132028638493809636 1.132028638493809636 2.436513002643889259 -2.436513002643889259 0.068454839838739664 -0.068454839838739664 0.258744697658441825 -0.258744697658441825 0.912475983862615192 -0.912475983862615192 0.079789089547489894 -0.079789089547489894 -0.095257282931539802 0.095257282931539802 0.032098955389624276 -0.032098955389624276 -0.446625802398977478 0.446625802398977478 0.066898135600142933 -0.066898135600142933 0.187007172038859970 -0.187007172038859970 -0.111876955691751587 0.111876955691751587 -1.135249689741995027 1.135249689741995027 0.855383920893877270 -0.855383920893877270 -0.584066032000734703 0.584066032000734703 0.043977907469829255 -0.043977907469829255 -1.235073226970094584 1.235073226970094584 0.903396805744995368 -0.903396805744995368 -1.419367800674472990 1.419367800674472990 -0.669079320858145477 0.669079320858145477 1.846743883979396816 -1.846743883979396816 -0.197864347556086784 0.197864347556086784 0.178086679323349178 -0.178086679323349178 -0.726541129368893035 0.726541129368893035 0.102548417306546763 -0.102548417306546763 0.101435234812034022 -0.101435234812034022 -0.607294919138270162 0.607294919138270162 -0.232543338993652815 0.232543338993652815 1.024873011278554902 -1.024873011278554902 -0.367070741104161269 0.367070741104161269 0.015584587754633259 -0.015584587754633259 0.893352765523915404 -0.893352765523915404 -0.318598602767036110 0.318598602767036110 -0.565309322249061386 0.565309322249061386 -0.869520326873197580 0.869520326873197580 1.087601931698385149 -1.087601931698385149 -1.000000000000000000 -1.000000000000000000 -1.000000000000000000
