15 46 
3 3 3 3 2 2 0 
2500 
1 1 
1.500000000000000000 
0.001000000000000000 
0.001000000000000000 
5.000000000000000000 
2.000000000000000000 
2 3 4 
2 3 4 
 
-0.757244022903780567 0.000000000000000000 -1.892151461056349238 -0.163643541176375057 0.000000000000000000 -1.081834184990333014 0.795686782662209935 -0.459554179861930256 0.000000000000000000 -0.021401100284139062 0.221822131770426145 0.624165617064677769 0.103992209313486683 0.383906342184775817 0.220548856781228653 0.207179552343107032 -0.251552024267611252 -0.940985378402204531 0.143203475268773417 -0.637990380166112425 -0.047725168844638927 -1.400142610548834821 -0.518640886812063995 -0.466344476203716551 -0.306977592331722393 -0.733266642509912470 1.636614964482892454 2.801678431332372821 0.542022232315772401 0.561733632830300200 -2.792150430434448882 0.679252001011406148 0.060935700608246268 1.017184097064012693 -1.472726175247485836 0.298927350489858801 0.283700004781893000 -5.946289176766917706 0.563505302268017871 1.728907659188164914 0.783139219605003434 0.241447041607357943 -0.100769851306178021 -0.312858596637428432 0.715583273231235939 0.030051296196268559 
-0.159052113684804763 1.195574970454808206 0.354942838344536771 -0.144003787891437030 0.031108987439201756 -6.024128094309364911 -6.684198760055235056 -2.875770597510225901 -1.958442177032014397 -3.231061172173861795 -0.047201649069278366 -1.907845683517030544 0.605113199091042553 2.360164164701050726 -0.367619298880400125 
0 3 11 18 24 25 30 36 39 44 47 48 51 56 61 66 
7 26 27 3 5 9 15 26 28 31 34 7 12 21 25 32 38 44 10 11 16 35 36 40 10 11 14 24 26 34 11 12 16 20 38 42 13 34 42 3 6 11 15 29 30 34 37 31 2 5 42 11 20 22 24 34 6 17 23 25 44 0 21 30 32 42 
-0.067865553542687335 1.530072514424096086 1.603457298120044117 -0.334886938964047698 1.039090653504955997 -0.217606350143191934 0.307061919146703444 -0.249024742513713787 1.234679146890777846 -0.155941035724768945 0.391894209432449070 -0.195221197898754362 0.625190357087625714 -0.532011376808820713 -0.192239517539274762 -0.261163645776478603 -0.457014640871582556 -1.565056014150725039 -0.303107621351740908 0.051290355848774699 0.515246335524848553 -0.320575506600239257 0.012469041361617951 -1.066701398984749583 0.023045624425105282 0.826062790211595455 0.949221831131022542 -0.712004549027422495 -1.064213412889326804 -1.250678906826407477 1.526976686733372723 0.183227263001436963 0.261406324055382666 -0.162337672803827743 1.242448406390738391 0.933728162671238482 -1.029767543566621146 -0.947960922331432032 0.350321001356111605 0.552783345944550142 1.260658709120896281 0.466914435684700035 0.135174942099455658 -0.229626450963180490 -1.506159703979718989 -0.741106093940411492 -3.029177341404145629 0.276068253931536167 -0.848709379933659025 -1.117638683265208099 -0.029005763708726321 -0.209713338388736709 -0.146054634331526184 -0.875729346160017297 -1.174212331456816250 -0.507817550278173657 0.660143141046977688 -0.941485770955433732 -0.483815050110121103 -0.274070229932602216 -0.084539479817724195 0.455029556444334349 1.682103594663178825 -0.444627816446985402 0.443421912904091331 0.182452167505983420 
