11 112 
0 100 1 0 
2000 
1 1 
1.800000000000000044 
0.000000001000000000 
0.000500000000000000 
1012 12 
 
1.000000000000000000 1.000000000000000000 1.000000000000000000 1.000000000000000000 1.000000000000000000 1.000000000000000000 1.000000000000000000 1.000000000000000000 1.000000000000000000 1.000000000000000000 1.000000000000000000 1.000000000000000000 1.000000000000000000 1.000000000000000000 1.000000000000000000 1.000000000000000000 1.000000000000000000 1.000000000000000000 1.000000000000000000 1.000000000000000000 1.000000000000000000 1.000000000000000000 1.000000000000000000 1.000000000000000000 1.000000000000000000 1.000000000000000000 1.000000000000000000 1.000000000000000000 1.000000000000000000 1.000000000000000000 1.000000000000000000 1.000000000000000000 1.000000000000000000 1.000000000000000000 1.000000000000000000 1.000000000000000000 1.000000000000000000 1.000000000000000000 1.000000000000000000 1.000000000000000000 1.000000000000000000 1.000000000000000000 1.000000000000000000 1.000000000000000000 1.000000000000000000 1.000000000000000000 1.000000000000000000 1.000000000000000000 1.000000000000000000 1.000000000000000000 1.000000000000000000 1.000000000000000000 1.000000000000000000 1.000000000000000000 1.000000000000000000 1.000000000000000000 1.000000000000000000 1.000000000000000000 1.000000000000000000 1.000000000000000000 1.000000000000000000 1.000000000000000000 1.000000000000000000 1.000000000000000000 1.000000000000000000 1.000000000000000000 1.000000000000000000 1.000000000000000000 1.000000000000000000 1.000000000000000000 1.000000000000000000 1.000000000000000000 1.000000000000000000 1.000000000000000000 1.000000000000000000 1.000000000000000000 1.000000000000000000 1.000000000000000000 1.000000000000000000 1.000000000000000000 1.000000000000000000 1.000000000000000000 1.000000000000000000 1.000000000000000000 1.000000000000000000 1.000000000000000000 1.000000000000000000 1.000000000000000000 1.000000000000000000 1.000000000000000000 1.000000000000000000 1.000000000000000000 1.000000000000000000 1.000000000000000000 1.000000000000000000 1.000000000000000000 1.000000000000000000 1.000000000000000000 1.000000000000000000 1.000000000000000000 0.500000000000000000 0.000000000000000000 0.000000000000000000 0.000000000000000000 0.000000000000000000 0.000000000000000000 0.000000000000000000 0.000000000000000000 0.000000000000000000 0.000000000000000000 0.000000000000000000 -0.500000000000000000 
2.715769749668959232 -1.977220874536662176 -6.290992152965366735 7.555812736525553852 -2.935377232139079418 -1.104100998484637053 -0.516143638320381570 9.956440245534388112 -9.410028235259444429 1.229225094397227824 1.000000000000000000 

0 1 2 3 4 5 6 7 8 9 10 11 12 13 14 15 16 17 18 19 20 21 22 23 24 25 26 27 28 29 30 31 32 33 34 35 36 37 38 39 40 41 42 43 44 45 46 47 48 49 50 51 52 53 54 55 56 57 58 59 60 61 62 63 64 65 66 67 68 69 70 71 72 73 74 75 76 77 78 79 80 81 82 83 84 85 86 87 88 89 90 91 92 93 94 95 96 97 98 99 101 0 1 2 3 4 5 6 7 8 9 10 11 12 13 14 15 16 17 18 19 20 21 22 23 24 25 26 27 28 29 30 31 32 33 34 35 36 37 38 39 40 41 42 43 44 45 46 47 48 49 50 51 52 53 54 55 56 57 58 59 60 61 62 63 64 65 66 67 68 69 70 71 72 73 74 75 76 77 78 79 80 81 82 83 84 85 86 87 88 89 90 91 92 93 94 95 96 97 98 99 102 0 1 2 3 4 5 6 7 8 9 10 11 12 13 14 15 16 17 18 19 20 21 22 23 24 25 26 27 28 29 30 31 32 33 34 35 36 37 38 39 40 41 42 43 44 45 46 47 48 49 50 51 52 53 54 55 56 57 58 59 60 61 62 63 64 65 66 67 68 69 70 71 72 73 74 75 76 77 78 79 80 81 82 83 84 85 86 87 88 89 90 91 92 93 94 95 96 97 98 99 103 0 1 2 3 4 5 6 7 8 9 10 11 12 13 14 15 16 17 18 19 20 21 22 23 24 25 26 27 28 29 30 31 32 33 34 35 36 37 38 39 40 41 42 43 44 45 46 47 48 49 50 51 52 53 54 55 56 57 58 59 60 61 62 63 64 65 66 67 68 69 70 71 72 73 74 75 76 77 78 79 80 81 82 83 84 85 86 87 88 89 90 91 92 93 94 95 96 97 98 99 104 0 1 2 3 4 5 6 7 8 9 10 11 12 13 14 15 16 17 18 19 20 21 22 23 24 25 26 27 28 29 30 31 32 33 34 35 36 37 38 39 40 41 42 43 44 45 46 47 48 49 50 51 52 53 54 55 56 57 58 59 60 61 62 63 64 65 66 67 68 69 70 71 72 73 74 75 76 77 78 79 80 81 82 83 84 85 86 87 88 89 90 91 92 93 94 95 96 97 98 99 105 0 1 2 3 4 5 6 7 8 9 10 11 12 13 14 15 16 17 18 19 20 21 22 23 24 25 26 27 28 29 30 31 32 33 34 35 36 37 38 39 40 41 42 43 44 45 46 47 48 49 50 51 52 53 54 55 56 57 58 59 60 61 62 63 64 65 66 67 68 69 70 71 72 73 74 75 76 77 78 79 80 81 82 83 84 85 86 87 88 89 90 91 92 93 94 95 96 97 98 99 106 0 1 2 3 4 5 6 7 8 9 10 11 12 13 14 15 16 17 18 19 20 21 22 23 24 25 26 27 28 29 30 31 32 33 34 35 36 37 38 39 40 41 42 43 44 45 46 47 48 49 50 51 52 53 54 55 56 57 58 59 60 61 62 63 64 65 66 67 68 69 70 71 72 73 74 75 76 77 78 79 80 81 82 83 84 85 86 87 88 89 90 91 92 93 94 95 96 97 98 99 107 0 1 2 3 4 5 6 7 8 9 10 11 12 13 14 15 16 17 18 19 20 21 22 23 24 25 26 27 28 29 30 31 32 33 34 35 36 37 38 39 40 41 42 43 44 45 46 47 48 49 50 51 52 53 54 55 56 57 58 59 60 61 62 63 64 65 66 67 68 69 70 71 72 73 74 75 76 77 78 79 80 81 82 83 84 85 86 87 88 89 90 91 92 93 94 95 96 97 98 99 108 0 1 2 3 4 5 6 7 8 9 10 11 12 13 14 15 16 17 18 19 20 21 22 23 24 25 26 27 28 29 30 31 32 33 34 35 36 37 38 39 40 41 42 43 44 45 46 47 48 49 50 51 52 53 54 55 56 57 58 59 60 61 62 63 64 65 66 67 68 69 70 71 72 73 74 75 76 77 78 79 80 81 82 83 84 85 86 87 88 89 90 91 92 93 94 95 96 97 98 99 109 0 1 2 3 4 5 6 7 8 9 10 11 12 13 14 15 16 17 18 19 20 21 22 23 24 25 26 27 28 29 30 31 32 33 34 35 36 37 38 39 40 41 42 43 44 45 46 47 48 49 50 51 52 53 54 55 56 57 58 59 60 61 62 63 64 65 66 67 68 69 70 71 72 73 74 75 76 77 78 79 80 81 82 83 84 85 86 87 88 89 90 91 92 93 94 95 96 97 98 99 110 100 111 
0 101 202 303 404 505 606 707 808 909 1010 1012 
1.117356138814466604 -1.117356138814466604 2.350457224002042267 -2.350457224002042267 -0.196053487807332810 0.196053487807332810 -1.165843931482048790 1.165843931482048790 -1.794678841455123353 1.794678841455123353 -0.194123535758265381 0.194123535758265381 -1.207845485259798846 1.207845485259798846 -2.051816299911149333 2.051816299911149333 -0.299066030332982402 0.299066030332982402 0.964229422631627475 -0.964229422631627475 -0.589029030720801261 0.589029030720801261 0.791416061628633982 -0.791416061628633982 0.862021611556922029 -0.862021611556922029 -0.067865553542687335 0.067865553542687335 0.625190357087625714 -0.625190357087625714 -0.146054634331526184 0.146054634331526184 -0.249024742513713787 0.249024742513713787 0.443421912904091331 -0.443421912904091331 1.242448406390738391 -1.242448406390738391 0.041373613489614672 -0.041373613489614672 0.337563700613106421 -0.337563700613106421 0.652355888661373950 -0.652355888661373950 -0.054918914609406698 0.054918914609406698 -1.611830388677810699 1.611830388677810699 -2.319280306643302314 2.319280306643302314 0.536157079925918767 -0.536157079925918767 0.825727149241758163 -0.825727149241758163 1.145361710518474130 -1.145361710518474130 0.441326931727608507 -0.441326931727608507 0.085188592721160236 -0.085188592721160236 -0.904726212798031781 0.904726212798031781 -0.086690282459305129 0.086690282459305129 1.035975908245480470 -1.035975908245480470 0.319949134382331246 -0.319949134382331246 0.699160333644166743 -0.699160333644166743 0.475424811707271355 -0.475424811707271355 -1.096593301525472075 1.096593301525472075 -0.723121479570418058 0.723121479570418058 -0.326814228785906158 0.326814228785906158 0.589433366718220664 -0.589433366718220664 0.974950224811311550 -0.974950224811311550 0.300485967595730263 -0.300485967595730263 -0.603918481376169214 0.603918481376169214 0.439997904822629349 -0.439997904822629349 0.867082552947325391 -0.867082552947325391 -1.854299082689693901 1.854299082689693901 1.223062551733806957 -1.223062551733806957 0.235809672576244050 -0.235809672576244050 -0.140321722056366061 0.140321722056366061 -0.270068812648098844 0.270068812648098844 -1.000000000000000000 -1.089064295052235787 1.089064295052235787 -0.615601881466894318 0.615601881466894318 1.419310150642549395 -1.419310150642549395 -1.147952778898594151 1.147952778898594151 0.840375529753905393 -0.840375529753905393 -2.138355269439938589 2.138355269439938589 2.908008030729361870 -2.908008030729361870 -0.353849997774433267 0.353849997774433267 0.022889792751629775 -0.022889792751629775 0.520060101455457557 -0.520060101455457557 -0.293753597735416094 0.293753597735416094 -1.332004421315247322 1.332004421315247322 -1.361694470870754348 1.361694470870754348 -0.195221197898754362 0.195221197898754362 0.183227263001436963 -0.183227263001436963 -0.532011376808820713 0.532011376808820713 -1.064213412889326804 1.064213412889326804 0.391894209432449070 -0.391894209432449070 -1.066701398984749583 1.066701398984749583 -0.734169112696738679 0.734169112696738679 1.000060819589124739 -1.000060819589124739 0.327059967177087518 -0.327059967177087518 0.911127265653859819 -0.911127265653859819 -0.024461936635918457 0.024461936635918457 0.079933710298439695 -0.079933710298439695 0.897888425985075900 -0.897888425985075900 -1.014943642680137481 1.014943642680137481 -0.629090760994155507 0.629090760994155507 -1.398137875811074071 1.398137875811074071 0.880952785381047820 -0.880952785381047820 -0.467714582451856320 0.467714582451856320 -1.469395074486357089 1.469395074486357089 2.424461144939364488 -2.424461144939364488 -0.558294284850903599 0.558294284850903599 0.269648641716597859 -0.269648641716597859 1.174116751493714972 -1.174116751493714972 -0.493009815316450606 0.493009815316450606 0.526547037749559022 -0.526547037749559022 0.812323004640795987 -0.812323004640795987 -0.062791225718324961 0.062791225718324961 -0.640709506726057532 0.640709506726057532 -0.373070658631004248 0.373070658631004248 0.176946822329411252 -0.176946822329411252 -0.616865928889227422 0.616865928889227422 -0.079892839058037096 0.079892839058037096 -1.140681144669632330 1.140681144669632330 -1.283256104604766579 1.283256104604766579 0.245804851893843240 -0.245804851893843240 0.899822328897223467 -0.899822328897223467 -0.438141355602143678 0.438141355602143678 -1.000000000000000000 0.032557464164973467 -0.032557464164973467 0.748076783703985115 -0.748076783703985115 0.291584373984182521 -0.291584373984182521 0.104874716016493980 -0.104874716016493980 -0.888032082329010319 0.888032082329010319 -0.839588747336613594 0.839588747336613594 0.825218894228490929 -0.825218894228490929 -0.823586525156852711 0.823586525156852711 -0.261995434966091956 0.261995434966091956 -0.020027851642538078 0.020027851642538078 -0.847926243637933896 0.847926243637933896 -2.329867155805076084 2.329867155805076084 0.455029556444334349 -0.455029556444334349 -0.217606350143191934 0.217606350143191934 -1.029767543566621146 1.029767543566621146 1.682103594663178825 -1.682103594663178825 1.603457298120044117 -1.603457298120044117 -1.250678906826407477 1.250678906826407477 0.933728162671238482 -0.933728162671238482 -0.030813730012319962 0.030813730012319962 -1.664164474987060327 1.664164474987060327 1.082633504236756083 -1.082633504236756083 0.594583697409052370 -0.594583697409052370 -1.948847176898900857 1.948847176898900857 -0.948480983570505254 0.948480983570505254 -0.131937867924580843 0.131937867924580843 -0.471069912683166558 0.471069912683166558 -1.203849974002218381 1.203849974002218381 -0.255055179880805782 0.255055179880805782 0.323213137847597476 -0.323213137847597476 -0.124889947223107006 0.124889947223107006 0.192182244870785474 -0.192182244870785474 0.959400509407975499 -0.959400509407975499 -0.311429418546894599 0.311429418546894599 0.494287055379410756 -0.494287055379410756 0.126947068043645916 -0.126947068043645916 -0.180739356415037467 0.180739356415037467 -0.260250861706116776 0.260250861706116776 0.545540103526115816 -0.545540103526115816 -2.021958930051789505 2.021958930051789505 1.808862620519253950 -1.808862620519253950 0.815488508092498399 -0.815488508092498399 -0.307503469862750567 0.307503469862750567 0.274836786911666187 -0.274836786911666187 0.898475989377141793 -0.898475989377141793 -1.093343456239604494 1.093343456239604494 -2.328954516283341825 2.328954516283341825 0.070045209416807905 -0.070045209416807905 -0.300111005615675885 0.300111005615675885 -0.408674314796325655 0.408674314796325655 -1.000000000000000000 0.552527021112223737 -0.552527021112223737 -0.192418510588263564 0.192418510588263564 0.197811053464360731 -0.197811053464360731 0.722254032225001619 -0.722254032225001619 0.100092833139322476 -0.100092833139322476 1.354594328004643744 -1.354594328004643744 1.378971977916614078 -1.378971977916614078 -1.577057022799201569 1.577057022799201569 -1.750212368446789624 1.750212368446789624 -0.034771086028482959 0.034771086028482959 -1.120128301243727753 1.120128301243727753 -1.449097292838739337 1.449097292838739337 -0.848709379933659025 0.848709379933659025 -0.303107621351740908 0.303107621351740908 0.949221831131022542 -0.949221831131022542 -0.875729346160017297 0.875729346160017297 1.234679146890777846 -1.234679146890777846 -0.947960922331432032 0.947960922331432032 0.350321001356111605 -0.350321001356111605 0.232347012624476768 -0.232347012624476768 -0.590034564205221490 0.590034564205221490 1.006077110819051379 -1.006077110819051379 0.350201173874535199 -0.350201173874535199 1.020498014452653868 -1.020498014452653868 0.411490621423374170 -0.411490621423374170 -0.147201456151267313 0.147201456151267313 0.137024874130050295 -0.137024874130050295 -0.253944683422811790 0.253944683422811790 0.164404073318728583 -0.164404073318728583 -0.784146183664087504 0.784146183664087504 1.478958491504030137 -1.478958491504030137 -0.822293276290175124 0.822293276290175124 -0.315771995009408502 0.315771995009408502 -0.570009916642185699 0.570009916642185699 -1.483121022515898613 1.483121022515898613 -0.656815928948082495 0.656815928948082495 0.045841105713705040 -0.045841105713705040 0.600142508808629960 -0.600142508808629960 -1.051632309520848407 1.051632309520848407 -0.982131525779047831 0.982131525779047831 -1.079866250738828137 1.079866250738828137 0.798886992156715880 -0.798886992156715880 -0.131820352915893585 0.131820352915893585 0.601102032468295078 -0.601102032468295078 0.183703423091249041 -0.183703423091249041 -0.433609296474823602 0.433609296474823602 0.901931466951714444 -0.901931466951714444 -0.608580510079949288 0.608580510079949288 1.029365712103099240 -1.029365712103099240 0.983545235205556256 -0.983545235205556256 -1.000000000000000000 1.100610217880866326 -1.100610217880866326 0.888610425420720773 -0.888610425420720773 1.587699089974059286 -1.587699089974059286 2.585491252616241464 -2.585491252616241464 -0.544528929990547694 0.544528929990547694 -1.072155288384251559 1.072155288384251559 -1.058180257987361594 1.058180257987361594 0.507974650905945624 -0.507974650905945624 -0.285650971595329817 0.285650971595329817 -0.798163584564142381 0.798163584564142381 2.525999692118309436 -2.525999692118309436 0.333510833065805867 -0.333510833065805867 -0.334886938964047698 0.334886938964047698 0.023045624425105282 -0.023045624425105282 0.307061919146703444 -0.307061919146703444 -0.483815050110121103 0.483815050110121103 -0.229626450963180490 0.229626450963180490 -0.741106093940411492 0.741106093940411492 -0.029005763708726321 0.029005763708726321 0.426387557408945017 -0.426387557408945017 -0.278064163765309347 0.278064163765309347 -0.650907736597752584 0.650907736597752584 1.250251228304995799 -1.250251228304995799 0.861716302393418454 -0.861716302393418454 0.676977805684029543 -0.676977805684029543 1.007773405305438574 -1.007773405305438574 -0.291863375753573351 0.291863375753573351 -1.428646864632097557 1.428646864632097557 0.747734028808122564 -0.747734028808122564 -1.805373351386089675 1.805373351386089675 -0.860815690006961010 0.860815690006961010 -0.094240587959723510 0.094240587959723510 0.428622679859395950 -0.428622679859395950 -1.025733615628712680 1.025733615628712680 -1.020264385682965180 1.020264385682965180 -1.481399071578779925 1.481399071578779925 -0.063783120022332648 0.063783120022332648 0.593930795648752730 -0.593930795648752730 0.397466995795308642 -0.397466995795308642 0.612511298166949270 -0.612511298166949270 0.199189444075264455 -0.199189444075264455 0.120205281956355367 -0.120205281956355367 0.595357673884101768 -0.595357673884101768 0.092307951238962266 -0.092307951238962266 0.290790134884453599 -0.290790134884453599 -0.168469878275448348 0.168469878275448348 -1.835638683735192345 1.835638683735192345 -1.222593380186629552 1.222593380186629552 -0.345065971567320995 0.345065971567320995 -0.297697144009373027 0.297697144009373027 -1.000000000000000000 1.544211895503950993 -1.544211895503950993 -0.764849236567874180 0.764849236567874180 -0.804465956349547096 0.804465956349547096 -0.666890670701385524 0.666890670701385524 0.303520794649354275 -0.303520794649354275 0.960953869740566846 -0.960953869740566846 -0.468615581100624123 0.468615581100624123 0.281984063670556173 -0.281984063670556173 -0.831366511567624311 0.831366511567624311 1.018685282128575453 -1.018685282128575453 1.655497592887345659 -1.655497592887345659 0.391353604432900959 -0.391353604432900959 0.552783345944550142 -0.552783345944550142 0.051290355848774699 -0.051290355848774699 0.135174942099455658 -0.135174942099455658 -0.712004549027422495 0.712004549027422495 -1.506159703979718989 1.506159703979718989 -0.507817550278173657 0.507817550278173657 0.182452167505983420 -0.182452167505983420 -0.372808741723504200 0.372808741723504200 0.422715691220478307 -0.422715691220478307 0.257056157433968868 -0.257056157433968868 0.929789458557715665 -0.929789458557715665 0.001162083483513853 -0.001162083483513853 0.857732545205355246 -0.857732545205355246 -2.123655462415749984 2.123655462415749984 0.301818555261006316 -0.301818555261006316 -0.020857617701600269 0.020857617701600269 -0.273046949402906858 0.273046949402906858 1.858592948555705116 -1.858592948555705116 0.784668467287821469 -0.784668467287821469 0.336213340954240270 -0.336213340954240270 -1.035984778513392879 1.035984778513392879 -0.908745586874325162 0.908745586874325162 -0.446995010744527521 0.446995010744527521 0.155488995903893978 -0.155488995903893978 0.611335194065235954 -0.611335194065235954 -2.186021612748235476 2.186021612748235476 -0.751894738681891606 0.751894738681891606 -0.054886129988677361 0.054886129988677361 -1.521026561768954677 1.521026561768954677 0.571247629714476068 -0.571247629714476068 1.046832784305231856 -1.046832784305231856 1.729841391572364273 -1.729841391572364273 0.112944717021051230 -0.112944717021051230 -0.218533560026580531 0.218533560026580531 0.066756911436865754 -0.066756911436865754 0.316500360797716096 -0.316500360797716096 1.012801864262980134 -1.012801864262980134 1.143678910770957513 -1.143678910770957513 -1.000000000000000000 0.085931133175425459 -0.085931133175425459 -1.402268969338758664 1.402268969338758664 0.696624415849607326 -0.696624415849607326 0.187331024578939798 -0.187331024578939798 -0.600326562133734143 0.600326562133734143 0.124049800003192517 -0.124049800003192517 -0.272469409250187478 0.272469409250187478 0.033479882244451420 -0.033479882244451420 -0.979206305167302116 0.979206305167302116 -0.133217479507734687 0.133217479507734687 0.307535159238251921 -0.307535159238251921 0.451679418928237542 -0.451679418928237542 1.039090653504955997 -1.039090653504955997 0.826062790211595455 -0.826062790211595455 0.515246335524848553 -0.515246335524848553 -1.174212331456816250 1.174212331456816250 -0.444627816446985402 0.444627816446985402 -0.320575506600239257 0.320575506600239257 -1.565056014150725039 1.565056014150725039 -0.236454583757186282 0.236454583757186282 -1.670200697850470428 1.670200697850470428 -0.944377806404218978 0.944377806404218978 0.239763257058580037 -0.239763257058580037 -0.070837213160480195 0.070837213160480195 -0.691159125382991402 0.691159125382991402 -0.504586405514009906 0.504586405514009906 0.399930942955802116 -0.399930942955802116 -0.560664996528184578 0.560664996528184578 1.576300146546075087 -1.576300146546075087 -0.604530088774459018 0.604530088774459018 0.308623139948529523 -0.308623139948529523 -0.904654059246837172 0.904654059246837172 1.877865460495858230 -1.877865460495858230 -0.209897334055590801 0.209897334055590801 0.109658591327602625 -0.109658591327602625 0.818551368521000522 -0.818551368521000522 0.109317693774870342 -0.109317693774870342 -1.327043149520291010 1.327043149520291010 1.516266896645952711 -1.516266896645952711 -1.118732002452724972 1.118732002452724972 -0.723631125289072807 0.723631125289072807 0.412796010311391848 -0.412796010311391848 -0.197958632611841989 0.197958632611841989 -0.608557444738319409 0.608557444738319409 0.439952188872439920 -0.439952188872439920 0.541334435719376117 -0.541334435719376117 0.035479485837577006 -0.035479485837577006 -1.342869236621930140 1.342869236621930140 0.629334584931418806 -0.629334584931418806 -0.531620117507069279 0.531620117507069279 -1.000000000000000000 -1.491590310637609385 1.491590310637609385 -1.422375925091496462 1.422375925091496462 0.835088165072681909 -0.835088165072681909 -0.082494425370955402 0.082494425370955402 0.489965321173947921 -0.489965321173947921 1.436696622718938832 -1.436696622718938832 1.098424617888622778 -1.098424617888622778 -1.333677943428106083 1.333677943428106083 -1.156401655664002215 1.156401655664002215 -0.714530163787158390 0.714530163787158390 -1.257118359352053405 1.257118359352053405 -0.130284653145720630 0.130284653145720630 -1.117638683265208099 1.117638683265208099 1.526976686733372723 -1.526976686733372723 0.261406324055382666 -0.261406324055382666 -0.192239517539274762 0.192239517539274762 -0.155941035724768945 0.155941035724768945 0.012469041361617951 -0.012469041361617951 -0.084539479817724195 0.084539479817724195 2.023690886603053407 -2.023690886603053407 0.471634326416302707 -0.471634326416302707 -1.321788521392563753 1.321788521392563753 -0.690361103111225782 0.690361103111225782 -2.486283920703278749 2.486283920703278749 0.449377623166850704 -0.449377623166850704 -1.270594449808660098 1.270594449808660098 -0.929961558940129440 0.929961558940129440 2.177778709184154060 -2.177778709184154060 -0.480937151778845218 0.480937151778845218 0.103359722310648050 -0.103359722310648050 -0.233860042129152873 0.233860042129152873 -0.288256361205696421 0.288256361205696421 0.940704403352131791 -0.940704403352131791 -1.698864084172610367 1.698864084172610367 1.128736452028282766 -1.128736452028282766 -0.292588130834394000 0.292588130834394000 1.814015450280375585 -1.814015450280375585 -1.441013597638914456 1.441013597638914456 -0.032566509194480744 0.032566509194480744 -0.626378538867138679 0.626378538867138679 -0.593250315010803608 0.593250315010803608 -0.986961883351521907 0.986961883351521907 0.327678163907200726 -0.327678163907200726 -0.737059771697805455 0.737059771697805455 0.101662443700341151 -0.101662443700341151 0.389266203843263880 -0.389266203843263880 2.227168078167871546 -2.227168078167871546 -1.032184344072171189 1.032184344072171189 -0.213015082641054704 0.213015082641054704 0.972565728008653152 -0.972565728008653152 -1.000000000000000000 -0.742301837259856656 0.742301837259856656 0.488193909859940656 -0.488193909859940656 -0.243715140377952194 0.243715140377952194 -1.933022917850986566 1.933022917850986566 0.739363123604473982 -0.739363123604473982 -1.960899999365032675 1.960899999365032675 -0.277871932787638887 0.277871932787638887 1.127492278341590159 -1.127492278341590159 -0.533557109315987432 0.533557109315987432 1.351385768426656808 -1.351385768426656808 -0.865468030554803813 0.865468030554803813 0.183689095861942125 -0.183689095861942125 1.260658709120896281 -1.260658709120896281 0.466914435684700035 -0.466914435684700035 -0.941485770955433732 0.941485770955433732 -0.274070229932602216 0.274070229932602216 0.276068253931536167 -0.276068253931536167 -3.029177341404145629 3.029177341404145629 1.603946350602880377 -1.603946350602880377 -2.258353970496191465 2.258353970496191465 -1.212847199674459420 1.212847199674459420 0.924825933493705898 -0.924825933493705898 -0.651553641750280965 0.651553641750280965 0.581172322675922781 -0.581172322675922781 0.100633350315076475 -0.100633350315076475 -0.382584802707648441 0.382584802707648441 -0.176830265929231761 0.176830265929231761 1.138465387329595124 -1.138465387329595124 0.327512120829685782 -0.327512120829685782 0.563166955145977810 -0.563166955145977810 -1.056972745960131022 1.056972745960131022 0.350062757534177815 -0.350062757534177815 0.787345779935246237 -0.787345779935246237 0.607600575846083957 -0.607600575846083957 -0.289963040800027938 0.289963040800027938 -0.540786416488525767 0.540786416488525767 0.312023828329273611 -0.312023828329273611 0.401844497039814952 -0.401844497039814952 1.635999657278292441 -1.635999657278292441 0.249517740562795132 -0.249517740562795132 0.401336339818801069 -0.401336339818801069 0.759568325914783404 -0.759568325914783404 -0.238301504589733010 0.238301504589733010 -1.749879306387625455 1.749879306387625455 2.787335227813435345 -2.787335227813435345 0.751228984688332879 -0.751228984688332879 -0.069214254022048366 0.069214254022048366 1.331215885064973348 -1.331215885064973348 -0.865697308360523721 0.865697308360523721 -0.522250484993548869 0.522250484993548869 -1.000000000000000000 -1.061581733319986398 1.061581733319986398 -0.177375156618825219 0.177375156618825219 0.215670086403744410 -0.215670086403744410 -0.438966153934773340 0.438966153934773340 1.711887782981554640 -1.711887782981554640 -0.197698225974150238 0.197698225974150238 0.701541458163283504 -0.701541458163283504 0.350179410603311647 -0.350179410603311647 -2.002635735883060430 2.002635735883060430 -0.224771056052584101 0.224771056052584101 -0.176534114231450934 0.176534114231450934 -0.476153016619073832 0.476153016619073832 0.660143141046977688 -0.660143141046977688 -0.209713338388736709 0.209713338388736709 -0.162337672803827743 0.162337672803827743 1.530072514424096086 -1.530072514424096086 -0.261163645776478603 0.261163645776478603 -0.457014640871582556 0.457014640871582556 0.098347774640107952 -0.098347774640107952 2.229445680456898948 -2.229445680456898948 0.066190048424611417 -0.066190048424611417 0.000049849075250813 -0.000049849075250813 1.192101870531270036 -1.192101870531270036 -2.192434919965904783 2.192434919965904783 0.826069998469923239 -0.826069998469923239 0.648679262048620697 -0.648679262048620697 -2.132094599161534543 2.132094599161534543 -2.496886503184502004 2.496886503184502004 0.664734120627594516 -0.664734120627594516 0.113596996734001740 -0.113596996734001740 -0.284140954626163900 0.284140954626163900 -1.835859142504304931 1.835859142504304931 -0.875874261956672395 0.875874261956672395 -0.117798289267962458 0.117798289267962458 1.261550718141148275 -1.261550718141148275 -0.308641815280113085 0.308641815280113085 1.804493771724186901 -1.804493771724186901 1.470201280848519421 -1.470201280848519421 -0.425058490610030815 0.425058490610030815 -0.993019006549600625 0.993019006549600625 0.942133319236942435 -0.942133319236942435 -0.657201299098350344 0.657201299098350344 0.229596893220313791 -0.229596893220313791 0.910482579647111989 -0.910482579647111989 -1.166665030194641073 1.166665030194641073 1.778255899291004472 -1.778255899291004472 -0.507323064614498387 0.507323064614498387 -0.418903195029848852 0.418903195029848852 -1.043108301337626775 1.043108301337626775 0.176577794642316321 -0.176577794642316321 -1.000000000000000000 -1.000000000000000000 -1.000000000000000000 
